0.50 0.74
0.42 0.29
2.35 0.96
2.21 0.89
0.88 0.83
1.50 0.52
1.47 0.36
0.08 0.24
0.52 0.71
1.73 0.76
2.97 0.33
0.78 0.66
1.53 0.48
0.85 0.33
1.37 0.01
2.25 0.65
2.82 0.62
1.76 0.89
2.35 0.72
1.65 0.32
2.54 0.08
1.31 0.05
0.88 0.34
0.14 0.47
0.66 0.46
2.39 0.63
0.85 0.21
2.07 0.06
1.16 0.80
2.41 0.98
1.88 0.84
1.40 0.56
1.34 0.57
0.87 0.05
1.13 0.23
0.92 0.84
2.67 0.22
1.67 0.75
0.63 0.18
1.94 0.61
0.70 0.43
1.93 0.44
1.49 0.52
0.93 0.34
0.94 0.88
2.18 0.12
2.01 0.94
1.52 0.19
0.74 0.12
1.04 0.80
1.92 0.62
2.53 0.66
1.21 0.53
2.12 0.40
0.02 0.61
0.14 0.35
2.39 0.24
2.27 0.69
0.08 0.29
0.52 0.07
0.55 0.34
0.84 0.90
0.28 0.86
2.92 0.79
1.76 0.34
2.90 0.32
2.93 0.22
2.26 0.81
0.63 0.38
2.98 0.46
2.44 0.22
1.38 0.04
2.19 0.61
2.70 0.22
0.85 0.76
0.29 0.07
2.93 0.47
0.97 0.38
0.49 0.07
1.24 0.30
1.85 0.75
2.92 0.38
0.56 0.59
2.92 0.73
0.56 0.40
1.85 0.97
0.01 1.00
1.83 0.08
0.88 0.74
1.48 0.51
1.75 0.58
0.14 0.59
2.90 0.56
1.89 0.37
2.00 0.13
2.65 0.04
1.25 0.28
2.62 0.86
1.74 0.60
0.01 0.85
