2.35 0.96 2.21
2.21 0.89 0.88
0.88 0.83 1.5
1.5 0.52 1.73
1.73 0.76 2.97
2.97 0.33 1.53
1.53 0.48 2.25
2.25 0.65 2.82
2.82 0.62 1.76
1.76 0.89 2.35
2.35 0.72 2.54
2.54 0.08 2.39
2.39 0.63 1.16
1.16 0.8 2.41
2.41 0.98 1.88
1.88 0.84 1.4
1.4 0.56 1.34
1.34 0.57 0.92
0.92 0.84 2.67
2.67 0.22 1.67
1.67 0.75 1.94
1.94 0.61 1.93
1.93 0.44 1.49
1.49 0.52 0.94
0.94 0.88 2.01
2.01 0.94 1.04
1.04 0.8 1.92
1.92 0.62 2.53
2.53 0.66 1.21
1.21 0.53 2.12
2.12 0.4 2.39
2.39 0.24 2.27
2.27 0.69 0.84
0.84 0.9 2.92
2.92 0.79 1.76
1.76 0.34 2.9
2.9 0.32 2.93
2.93 0.22 2.26
2.26 0.81 2.98
2.98 0.46 2.44
2.44 0.22 2.19
2.19 0.61 2.7
2.7 0.22 0.85
0.85 0.76 2.93
2.93 0.47 1.85
1.85 0.75 2.92
2.92 0.38 2.92
2.92 0.73 1.85
1.85 0.97 0.01
0.01 1 0.88
0.88 0.74 1.48
1.48 0.51 1.75
1.75 0.58 2.9
2.9 0.56 1.89
1.89 0.37 2.65
2.65 0.04 2.62
2.62 0.86 1.74
1.74 0.6 0.01
